0 0.630973 0.827009 0.635956 0.847172 0.719433 0.819392 0.713203 0.795644 0.630973 0.827009
0 0.611038 0.752630 0.612284 0.775481 0.718537 0.745030 0.711542 0.714992 0.611038 0.752630
0 0.715695 0.758006 0.682056 0.768313 0.692438 0.789819 0.722756 0.778617 0.715695 0.758006
0 0.618098 0.789370 0.622252 0.812222 0.677658 0.794602 0.672503 0.770552 0.618098 0.789370
0 0.683717 0.657191 0.676241 0.651366 0.646755 0.663464 0.587781 0.681386 0.591103 0.701102 0.653908 0.684116 0.690361 0.671081 0.683717 0.657191
0 0.666273 0.697966 0.668350 0.715888 0.698292 0.703441 0.694514 0.685419 0.666273 0.697966
0 0.602733 0.738291 0.662952 0.719920 0.659214 0.697069 0.599825 0.716336 0.602733 0.738291
0 0.770931 0.662120 0.772177 0.684972 0.834948 0.660170 0.829905 0.643300 0.770931 0.662120
0 0.596087 0.670184 0.649247 0.653606 0.642617 0.634966 0.591519 0.654503 0.596087 0.670184
0 0.212358 0.941622 0.199905 0.885889 0.161869 0.899813 0.175113 0.954041 0.214169 0.944147 0.212358 0.941622
0 0.220902 0.649059 0.223689 0.663430 0.255505 0.653495 0.250328 0.640036 0.220902 0.649059
0 0.125192 0.547238 0.129219 0.566284 0.149519 0.558875 0.146255 0.540219 0.125192 0.547238
0 0.748853 0.295228 0.752473 0.310852 0.774998 0.305672 0.770577 0.288197 0.748853 0.295228
0 0.690952 0.081037 0.694472 0.096230 0.716891 0.089169 0.718409 0.067366 0.690952 0.081037
0 0.592383 0.065086 0.595903 0.078759 0.623363 0.068884 0.609984 0.049134 0.592383 0.065086
0 0.733900 0.019741 0.738123 0.035692 0.769806 0.024298 0.761358 0.010625 0.733900 0.019741
0 0.614912 0.124566 0.594495 0.135959 0.600128 0.153431 0.631747 0.144006 0.631106 0.131402 0.621953 0.132163 0.614912 0.124566
0 0.766286 0.088105 0.769806 0.111653 0.788834 0.107686 0.782480 0.085067 0.766286 0.088105
0 0.779664 0.173180 0.776847 0.192930 0.801375 0.186738 0.801489 0.168623 0.779664 0.173180
0 1.000000 0.072913 0.981728 0.090384 0.990881 0.101019 1.000000 0.091306 1.000000 0.072913
0 0.826131 0.129883 0.801489 0.142797 0.803602 0.157228 0.829095 0.149705 0.826131 0.129883
0 0.772623 0.138998 0.812755 0.129123 0.811347 0.111653 0.776144 0.123806 0.772623 0.138998
0 0.376314 0.226620 0.367084 0.213439 0.353706 0.215719 0.347370 0.227872 0.352298 0.231670 0.376314 0.226620
0 0.833877 0.198247 0.845597 0.194572 0.848661 0.193689 0.839508 0.176219 0.832469 0.180017 0.833877 0.198247
0 0.338922 0.302842 0.338217 0.331706 0.363773 0.316355 0.362155 0.296006 0.338922 0.302842
0 0.934530 0.620330 0.901514 0.620330 0.901514 0.647902 0.934530 0.647902 0.934530 0.620330
