0 0.369027 0.172991 0.364044 0.152828 0.280567 0.180608 0.286797 0.204356 0.369027 0.172991
0 0.388962 0.247370 0.387716 0.224519 0.281463 0.254970 0.288458 0.285008 0.388962 0.247370
0 0.284305 0.241994 0.317944 0.231687 0.307563 0.210181 0.277244 0.221383 0.284305 0.241994
0 0.381902 0.210630 0.377748 0.187778 0.322342 0.205398 0.327497 0.229448 0.381902 0.210630
0 0.412219 0.318614 0.408897 0.298898 0.346092 0.315884 0.309639 0.328919 0.316283 0.342809 0.323759 0.348634 0.353245 0.336536 0.412219 0.318614
0 0.333727 0.302034 0.331650 0.284112 0.301708 0.296559 0.305486 0.314581 0.333727 0.302034
0 0.397267 0.261709 0.337048 0.280080 0.340786 0.302931 0.400175 0.283664 0.397267 0.261709
0 0.229069 0.337880 0.227823 0.315028 0.165052 0.339830 0.170095 0.356700 0.229069 0.337880
0 0.403913 0.329816 0.350753 0.346394 0.357383 0.365034 0.408481 0.345497 0.403913 0.329816
0 0.800095 0.114111 0.838131 0.100188 0.824887 0.045959 0.785831 0.055853 0.787642 0.058378 0.800095 0.114111
0 0.779098 0.350941 0.776311 0.336570 0.744495 0.346505 0.749672 0.359964 0.779098 0.350941
0 0.874808 0.452762 0.870781 0.433716 0.850481 0.441125 0.853745 0.459781 0.874808 0.452762
0 0.251147 0.704772 0.247527 0.689148 0.225002 0.694328 0.229423 0.711803 0.251147 0.704772
0 0.309048 0.918962 0.305528 0.903770 0.283109 0.910831 0.281591 0.932634 0.309048 0.918962
0 0.407617 0.934914 0.404097 0.921241 0.376638 0.931116 0.390016 0.950866 0.407617 0.934914
0 0.266100 0.980259 0.261877 0.964308 0.230194 0.975702 0.238642 0.989375 0.266100 0.980259
0 0.399872 0.846569 0.368253 0.855994 0.368894 0.868598 0.378047 0.867838 0.385087 0.875434 0.405505 0.864041 0.399872 0.846569
0 0.233714 0.911895 0.230194 0.888347 0.211166 0.892314 0.217520 0.914933 0.233714 0.911895
0 0.220336 0.826820 0.223153 0.807070 0.198625 0.813263 0.198511 0.831377 0.220336 0.826820
0 0.000000 0.927088 0.018272 0.909616 0.009119 0.898981 0.000000 0.908694 0.000000 0.927088
0 0.173869 0.870117 0.198511 0.857203 0.196398 0.842772 0.170905 0.850295 0.173869 0.870117
0 0.227377 0.861002 0.187245 0.870877 0.188653 0.888347 0.223856 0.876194 0.227377 0.861002
0 0.632916 0.786561 0.646294 0.784281 0.652630 0.772128 0.647702 0.768330 0.623686 0.773380 0.632916 0.786561
0 0.154403 0.805428 0.151339 0.806311 0.160492 0.823781 0.167531 0.819983 0.166123 0.801753 0.154403 0.805428
0 0.661078 0.697158 0.661783 0.668294 0.636227 0.683645 0.637845 0.703994 0.661078 0.697158
0 0.065470 0.379670 0.098486 0.379670 0.098486 0.352098 0.065470 0.352098 0.065470 0.379670
