0 0.401633 0.659363 0.512478 0.639672 0.512658 0.605784 0.403714 0.617063 0.401633 0.659363
0 0.370408 0.716978 0.521327 0.694370 0.518513 0.663906 0.369888 0.684889 0.370408 0.716978
0 0.526530 0.637483 0.678489 0.620709 0.675605 0.594844 0.527050 0.610498 0.526530 0.637483
0 0.583255 0.686347 0.659755 0.681972 0.663408 0.649547 0.581172 0.654258 0.583255 0.686347
0 0.546825 0.730836 0.561397 0.733023 0.562958 0.695828 0.541622 0.698016 0.546825 0.730836
0 0.791417 0.603206 0.871039 0.591536 0.870261 0.561339 0.796100 0.568928 0.791417 0.603206
0 0.891855 0.560177 0.927244 0.555070 0.924641 0.527358 0.891334 0.526628 0.891855 0.560177
0 0.886131 0.499644 0.920478 0.495267 0.919958 0.463178 0.885611 0.461719 0.886131 0.499644
0 0.885572 0.437861 0.918930 0.431183 0.916634 0.400019 0.881514 0.405213 0.885572 0.437861
0 0.877631 0.379516 0.912047 0.376795 0.912223 0.339941 0.877806 0.346372 0.877631 0.379516
0 0.813530 0.331967 0.907492 0.314772 0.907492 0.280833 0.811914 0.295766 0.813530 0.331967
0 0.503447 0.808841 0.562797 0.799106 0.559070 0.760694 0.500922 0.769022 0.503447 0.808841
0 0.507236 0.866355 0.566586 0.858392 0.562166 0.823883 0.507236 0.825653 0.507236 0.866355
0 0.505341 0.926525 0.568480 0.918561 0.565581 0.880988 0.505972 0.888477 0.505341 0.926525
