0 0.487522 0.639672 0.598367 0.659363 0.596286 0.617063 0.487342 0.605784 0.487522 0.639672
0 0.478673 0.694370 0.629592 0.716978 0.630112 0.684889 0.481487 0.663906 0.478673 0.694370
0 0.321511 0.620709 0.473470 0.637483 0.472950 0.610498 0.324395 0.594844 0.321511 0.620709
0 0.340245 0.681972 0.416745 0.686347 0.418828 0.654258 0.336592 0.649547 0.340245 0.681972
0 0.438603 0.733023 0.453175 0.730836 0.458378 0.698016 0.437042 0.695828 0.438603 0.733023
0 0.128961 0.591536 0.208583 0.603206 0.203900 0.568928 0.129739 0.561339 0.128961 0.591536
0 0.072756 0.555070 0.108145 0.560177 0.108666 0.526628 0.075359 0.527358 0.072756 0.555070
0 0.079522 0.495267 0.113869 0.499644 0.114389 0.461719 0.080042 0.463178 0.079522 0.495267
0 0.081070 0.431183 0.114428 0.437861 0.118486 0.405213 0.083366 0.400019 0.081070 0.431183
0 0.087953 0.376795 0.122369 0.379516 0.122194 0.346372 0.087777 0.339941 0.087953 0.376795
0 0.092508 0.314772 0.186470 0.331967 0.188086 0.295766 0.092508 0.280833 0.092508 0.314772
0 0.437203 0.799106 0.496553 0.808841 0.499078 0.769022 0.440930 0.760694 0.437203 0.799106
0 0.433414 0.858392 0.492764 0.866355 0.492764 0.825653 0.437834 0.823883 0.433414 0.858392
0 0.431520 0.918561 0.494659 0.926525 0.494028 0.888477 0.434419 0.880988 0.431520 0.918561
