0 0.512478 0.360328 0.401633 0.340638 0.403714 0.382938 0.512658 0.394216 0.512478 0.360328
0 0.521327 0.305630 0.370408 0.283022 0.369888 0.315111 0.518513 0.336094 0.521327 0.305630
0 0.678489 0.379291 0.526530 0.362517 0.527050 0.389502 0.675605 0.405156 0.678489 0.379291
0 0.659755 0.318028 0.583255 0.313653 0.581172 0.345742 0.663408 0.350453 0.659755 0.318028
0 0.561397 0.266977 0.546825 0.269164 0.541622 0.301984 0.562958 0.304172 0.561397 0.266977
0 0.871039 0.408464 0.791417 0.396794 0.796100 0.431072 0.870261 0.438661 0.871039 0.408464
0 0.927244 0.444930 0.891855 0.439823 0.891334 0.473372 0.924641 0.472642 0.927244 0.444930
0 0.920478 0.504733 0.886131 0.500356 0.885611 0.538281 0.919958 0.536822 0.920478 0.504733
0 0.918930 0.568817 0.885572 0.562139 0.881514 0.594788 0.916634 0.599981 0.918930 0.568817
0 0.912047 0.623205 0.877631 0.620484 0.877806 0.653628 0.912223 0.660059 0.912047 0.623205
0 0.907492 0.685228 0.813530 0.668033 0.811914 0.704234 0.907492 0.719167 0.907492 0.685228
0 0.562797 0.200894 0.503447 0.191159 0.500922 0.230978 0.559070 0.239306 0.562797 0.200894
0 0.566586 0.141608 0.507236 0.133645 0.507236 0.174347 0.562166 0.176117 0.566586 0.141608
0 0.568480 0.081439 0.505341 0.073475 0.505972 0.111523 0.565581 0.119013 0.568480 0.081439
