0 0.070070 0.268456 0.059653 0.316666 0.078783 0.320994 0.085486 0.270427 0.070070 0.268456
0 0.034550 0.315083 0.034550 0.314427 0.031198 0.314427 0.031198 0.315741 0.051975 0.315741 0.058677 0.267142 0.041922 0.266486 0.034550 0.315083
0 0.068059 0.204097 0.059023 0.252637 0.075433 0.255322 0.083475 0.205411 0.068059 0.204097
0 0.053316 0.127261 0.031377 0.247097 0.051305 0.254008 0.070741 0.129887 0.053316 0.127261
0 0.023827 0.125291 0.001214 0.246481 0.022486 0.252038 0.041252 0.127917 0.023827 0.125291
0 0.016455 0.125291 0.000370 0.119380 0.000000 0.188609 0.016455 0.125291
0 0.858436 0.173022 0.850133 0.247713 0.866478 0.251172 0.875191 0.176306 0.858436 0.173022
0 0.822916 0.172366 0.815572 0.240941 0.836319 0.246575 0.845702 0.171709 0.822916 0.172366
0 0.765948 0.193381 0.760905 0.237245 0.776002 0.240666 0.779352 0.189441 0.773320 0.190097 0.786053 0.117858 0.767958 0.114575 0.756566 0.192067 0.765948 0.193381
0 0.788064 0.218336 0.785411 0.238477 0.802809 0.240666 0.805489 0.217023 0.788064 0.218336
0 0.797447 0.119172 0.789809 0.193534 0.806159 0.198634 0.817553 0.121798 0.797447 0.119172
0 0.736916 0.109977 0.732000 0.159058 0.748980 0.161202 0.757022 0.115231 0.736916 0.109977
0 0.307088 0.505734 0.304714 0.531528 0.327194 0.533973 0.331216 0.482748 0.310439 0.480122 0.309098 0.500480 0.328534 0.503764 0.327864 0.507705 0.307088 0.505734
0 0.330545 0.354687 0.315395 0.454572 0.331886 0.458450 0.347300 0.354687 0.330545 0.354687
0 0.360705 0.360598 0.346814 0.460728 0.363384 0.463047 0.381481 0.361911 0.360705 0.360598
0 0.368747 0.166866 0.345959 0.288358 0.366736 0.291642 0.386842 0.172775 0.368747 0.166866
0 0.385502 0.114327 0.376789 0.157014 0.392873 0.162267 0.403597 0.116955 0.385502 0.114327
0 0.435097 0.151761 0.427725 0.198387 0.445820 0.203641 0.454533 0.154388 0.435097 0.151761
0 0.407619 0.150447 0.404623 0.174450 0.420352 0.178686 0.426384 0.155044 0.407619 0.150447
0 0.405608 0.119581 0.400917 0.140595 0.415661 0.139939 0.422363 0.119581 0.405608 0.119581
0 0.527130 0.090067 0.515844 0.160289 0.538523 0.160994 0.550588 0.092038 0.527130 0.090067
0 0.498981 0.086127 0.486939 0.155364 0.504342 0.157709 0.517077 0.086784 0.498981 0.086127
0 0.471288 0.080834 0.458662 0.151670 0.474639 0.156358 0.488042 0.086087 0.471288 0.080834
0 0.435097 0.120237 0.430386 0.143052 0.446491 0.145194 0.451852 0.122208 0.435097 0.120237
0 0.465927 0.170805 0.462433 0.192919 0.479330 0.197073 0.484022 0.174089 0.465927 0.170805
0 0.393544 0.193134 0.377603 0.294502 0.395555 0.294927 0.412309 0.195105 0.393544 0.193134
0 0.420352 0.210209 0.415934 0.233552 0.432416 0.233194 0.433756 0.214148 0.420352 0.210209
0 0.524448 0.165591 0.513725 0.210905 0.535842 0.214845 0.542544 0.166905 0.524448 0.165591
0 0.494959 0.177411 0.491966 0.197228 0.507694 0.199741 0.511045 0.176755 0.494959 0.177411
0 0.559300 0.138666 0.547261 0.209542 0.566002 0.213531 0.578736 0.138666 0.559300 0.138666
0 0.595491 0.222069 0.608895 0.144575 0.589459 0.144575 0.579308 0.210773 0.580077 0.210248 0.595491 0.222069
0 0.855592 0.252278 0.850900 0.248338 0.836156 0.246367 0.835486 0.271323 0.852911 0.273950 0.855592 0.252278
0 0.818731 0.280517 0.811359 0.348816 0.830125 0.352100 0.838838 0.280517 0.818731 0.280517
0 0.791923 0.271323 0.782269 0.342523 0.800636 0.346189 0.811359 0.273950 0.791923 0.271323
0 0.779284 0.268219 0.762806 0.263678 0.752798 0.338314 0.772814 0.343763 0.771145 0.342128 0.779284 0.268219
0 0.741123 0.263678 0.729447 0.339948 0.747239 0.344308 0.758914 0.270216 0.741123 0.263678
0 0.368453 0.497459 0.381881 0.498877 0.386467 0.495506 0.396431 0.450048 0.401270 0.423664 0.386467 0.422472 0.378972 0.428198 0.374133 0.463859 0.368453 0.497459
0 0.516219 0.461344 0.507225 0.462755 0.500750 0.460639 0.493195 0.524444 0.491036 0.529733 0.503441 0.530338 0.510322 0.525842 0.515500 0.474034 0.517298 0.468395 0.519097 0.468042 0.517298 0.465222 0.516219 0.461344
0 0.455781 0.415517 0.451273 0.461358 0.471609 0.459581 0.475208 0.414813 0.455781 0.415517
0 0.474128 0.449359 0.465777 0.499031 0.483122 0.497653 0.492475 0.451122 0.474128 0.449359
0 0.451105 0.490956 0.454342 0.464517 0.438153 0.461697 0.434556 0.489898 0.435995 0.489545 0.451105 0.490956
0 0.407214 0.456761 0.402366 0.484820 0.420884 0.486373 0.424842 0.459230 0.407214 0.456761
0 0.607823 0.720808 0.602109 0.769514 0.619250 0.772314 0.628962 0.723047 0.607823 0.720808
0 0.638105 0.723047 0.632962 0.773433 0.654673 0.777352 0.656388 0.725286 0.638105 0.723047
0 0.691239 0.730325 0.673527 0.728086 0.665855 0.773506 0.683239 0.779031 0.691239 0.730325
0 0.698094 0.780711 0.702666 0.782391 0.714092 0.782950 0.722091 0.734244 0.703808 0.730884 0.699011 0.780655 0.698094 0.780711
0 0.733517 0.738162 0.727402 0.783803 0.743802 0.785750 0.750086 0.737603 0.733517 0.738162
0 0.763798 0.742642 0.761513 0.788548 0.775225 0.793028 0.782652 0.744322 0.763798 0.742642
0 0.792366 0.742081 0.791147 0.794300 0.807220 0.795267 0.812361 0.741522 0.792366 0.742081
0 0.793131 0.902758 0.810272 0.821580 0.789703 0.818781 0.778291 0.895592 0.782847 0.898278 0.793131 0.902758
0 0.770083 0.818781 0.757398 0.895592 0.775225 0.899958 0.786652 0.822700 0.770083 0.818781
0 0.577505 1.000000 0.580933 0.973298 0.565506 0.969939 0.559202 1.000000 0.577505 1.000000
0 0.640352 1.000000 0.640352 0.985055 0.624355 0.980575 0.619733 1.000000 0.640352 1.000000
0 0.596930 0.976656 0.595092 1.000000 0.611784 0.999611 0.617498 0.982816 0.596930 0.976656
