0 0.085486 0.729573 0.078783 0.679006 0.059653 0.683334 0.070070 0.731544 0.085486 0.729573
0 0.031198 0.685573 0.034550 0.685573 0.034550 0.684917 0.041922 0.733514 0.058677 0.732858 0.051975 0.684259 0.031198 0.684259 0.031198 0.685573
0 0.083475 0.794589 0.075433 0.744678 0.059023 0.747363 0.068059 0.795903 0.083475 0.794589
0 0.070741 0.870112 0.051305 0.745992 0.031377 0.752903 0.053316 0.872739 0.070741 0.870112
0 0.041252 0.872083 0.022486 0.747963 0.001214 0.753519 0.023827 0.874709 0.041252 0.872083
0 0.000370 0.880620 0.016455 0.874709 0.000000 0.811391 0.000370 0.880620
0 0.875191 0.823694 0.866478 0.748828 0.850133 0.752287 0.858436 0.826978 0.875191 0.823694
0 0.845702 0.828291 0.836319 0.753425 0.815572 0.759059 0.822916 0.827634 0.845702 0.828291
0 0.779352 0.810559 0.776002 0.759334 0.760905 0.762755 0.765948 0.806619 0.756566 0.807933 0.767958 0.885425 0.786053 0.882142 0.773320 0.809903 0.779352 0.810559
0 0.805489 0.782977 0.802809 0.759334 0.785411 0.761523 0.788064 0.781664 0.805489 0.782977
0 0.817553 0.878202 0.806159 0.801366 0.789809 0.806466 0.797447 0.880828 0.817553 0.878202
0 0.757022 0.884769 0.748980 0.838798 0.732000 0.840942 0.736916 0.890023 0.757022 0.884769
0 0.331216 0.517252 0.327194 0.466027 0.304714 0.468472 0.307088 0.494266 0.327864 0.492295 0.328534 0.496236 0.309098 0.499520 0.310439 0.519878 0.331216 0.517252
0 0.347300 0.645312 0.331886 0.541550 0.315395 0.545428 0.330545 0.645312 0.347300 0.645312
0 0.381481 0.638089 0.363384 0.536953 0.346814 0.539272 0.360705 0.639402 0.381481 0.638089
0 0.386842 0.827225 0.366736 0.708358 0.345959 0.711642 0.368747 0.833134 0.386842 0.827225
0 0.403597 0.883045 0.392873 0.837733 0.376789 0.842986 0.385502 0.885673 0.403597 0.883045
0 0.454533 0.845612 0.445820 0.796359 0.427725 0.801613 0.435097 0.848239 0.454533 0.845612
0 0.426384 0.844956 0.420352 0.821314 0.404623 0.825550 0.407619 0.849553 0.426384 0.844956
0 0.422363 0.880419 0.415661 0.860061 0.400917 0.859405 0.405608 0.880419 0.422363 0.880419
0 0.550588 0.907963 0.538523 0.839006 0.515844 0.839711 0.527130 0.909933 0.550588 0.907963
0 0.517077 0.913216 0.504342 0.842291 0.486939 0.844636 0.498981 0.913873 0.517077 0.913216
0 0.488042 0.913913 0.474639 0.843642 0.458662 0.848330 0.471288 0.919166 0.488042 0.913913
0 0.451852 0.877792 0.446491 0.854806 0.430386 0.856948 0.435097 0.879763 0.451852 0.877792
0 0.484022 0.825911 0.479330 0.802927 0.462433 0.807081 0.465927 0.829195 0.484022 0.825911
0 0.412309 0.804895 0.395555 0.705073 0.377603 0.705498 0.393544 0.806866 0.412309 0.804895
0 0.433756 0.785852 0.432416 0.766806 0.415934 0.766448 0.420352 0.789791 0.433756 0.785852
0 0.542544 0.833095 0.535842 0.785155 0.513725 0.789095 0.524448 0.834409 0.542544 0.833095
0 0.511045 0.823245 0.507694 0.800259 0.491966 0.802772 0.494959 0.822589 0.511045 0.823245
0 0.578736 0.861334 0.566002 0.786469 0.547261 0.790458 0.559300 0.861334 0.578736 0.861334
0 0.595491 0.777931 0.580077 0.789752 0.579308 0.789227 0.589459 0.855425 0.608895 0.855425 0.595491 0.777931
0 0.855592 0.747722 0.852911 0.726050 0.835486 0.728677 0.836156 0.753633 0.850900 0.751663 0.855592 0.747722
0 0.838838 0.719483 0.830125 0.647900 0.811359 0.651184 0.818731 0.719483 0.838838 0.719483
0 0.811359 0.726050 0.800636 0.653811 0.782269 0.657477 0.791923 0.728677 0.811359 0.726050
0 0.779284 0.731781 0.771145 0.657872 0.772814 0.656238 0.752798 0.661686 0.762806 0.736322 0.779284 0.731781
0 0.758914 0.729784 0.747239 0.655692 0.729447 0.660052 0.741123 0.736322 0.758914 0.729784
0 0.396431 0.549952 0.386467 0.504494 0.381881 0.501123 0.368453 0.502541 0.374133 0.536141 0.378972 0.571802 0.386467 0.577528 0.401270 0.576336 0.396431 0.549952
0 0.510322 0.474158 0.503441 0.469662 0.491036 0.470267 0.493195 0.475556 0.500750 0.539361 0.507225 0.537245 0.516219 0.538656 0.517298 0.534778 0.519097 0.531958 0.517298 0.531605 0.515500 0.525966 0.510322 0.474158
0 0.475208 0.585187 0.471609 0.540419 0.451273 0.538642 0.455781 0.584483 0.475208 0.585187
0 0.492475 0.548878 0.483122 0.502347 0.465777 0.500969 0.474128 0.550641 0.492475 0.548878
0 0.451105 0.509044 0.435995 0.510455 0.434556 0.510102 0.438153 0.538303 0.454342 0.535483 0.451105 0.509044
0 0.424842 0.540770 0.420884 0.513627 0.402366 0.515180 0.407214 0.543239 0.424842 0.540770
0 0.628962 0.276953 0.619250 0.227686 0.602109 0.230486 0.607823 0.279192 0.628962 0.276953
0 0.656388 0.274714 0.654673 0.222648 0.632962 0.226567 0.638105 0.276953 0.656388 0.274714
0 0.683239 0.220969 0.665855 0.226494 0.673527 0.271914 0.691239 0.269675 0.683239 0.220969
0 0.702666 0.217609 0.698094 0.219289 0.699011 0.219345 0.703808 0.269116 0.722091 0.265756 0.714092 0.217050 0.702666 0.217609
0 0.750086 0.262397 0.743802 0.214250 0.727402 0.216197 0.733517 0.261838 0.750086 0.262397
0 0.782652 0.255678 0.775225 0.206972 0.761513 0.211452 0.763798 0.257358 0.782652 0.255678
0 0.812361 0.258478 0.807220 0.204733 0.791147 0.205700 0.792366 0.257919 0.812361 0.258478
0 0.793131 0.097242 0.782847 0.101722 0.778291 0.104408 0.789703 0.181219 0.810272 0.178420 0.793131 0.097242
0 0.786652 0.177300 0.775225 0.100042 0.757398 0.104408 0.770083 0.181219 0.786652 0.177300
0 0.559202 0.000000 0.565506 0.030061 0.580933 0.026702 0.577505 0.000000 0.559202 0.000000
0 0.619733 0.000000 0.624355 0.019423 0.640352 0.014945 0.640352 0.000000 0.619733 0.000000
0 0.617498 0.017184 0.611784 0.000389 0.595092 0.000000 0.596930 0.023344 0.617498 0.017184
